1018
1028
10479
10538
10588
10613
10614
10615
10658
10659
10756
10778
10784
10786
10791
10794
10802
10804
10805
10911
10940
10941
11011
11012
11015
1105
11134
11141
1121
11215
11222
11288
11304
11327
11388
11390
11446
11450
11470
11677
11680
1169
11691
11692
11711
11728
1175
11773
11777
11795
11832
11853
12047
1211
1215
1231
1232
12330
1301
1318
1360
1403
1404
1405
1625
1642
1872
1878
1883
1884
1902
1903
2030
2031
2035
207
2093
2163
2165
2166
2167
218
2225
2755
2834
2987
3105
3114
3280
3300
3327
3347
3354
3416
3614
3636
3720
3792
3797
3810
3816
3839
3965
4008
4040
4060
4089
4125
4146
4264
4340
4439
4606
471
4715
472
473
477
4770
478
4782
479
481
482
483
486
4886
4887
489
4893
491
4986
5008
5015
5018
5125
5167
5177
519
5190
5194
5295
530
5350
536
5371
5376
5383
5384
5398
5407
5433
5511
5524
5527
5529
554
5544
5556
5566
575
577
588
661
672
675
699
700
701
7365
7384
7409
7561
7599
772
774
7799
7804
7813
7824
7892
7894
797
806
8197
8253
826
8286
8366
8389
8392
8491
8613
863
864
869
8770
8778
8791
883
887
891
8931
895
897
8988
8989
9284
9290
9338
9436
9551
9564
9565
9580
9592
9594
960
972
9876
